6 11 5 8 14 1 4 15 13 2 7 10 0 3 9 12 
6 11 5 8 14 1 4 15 0 2 7 10 13 3 9 12 
6 11 5 8 0 1 4 15 14 2 7 10 13 3 9 12 
6 11 5 8 1 0 4 15 14 2 7 10 13 3 9 12 
6 0 5 8 1 11 4 15 14 2 7 10 13 3 9 12 
0 6 5 8 1 11 4 15 14 2 7 10 13 3 9 12 
1 6 5 8 0 11 4 15 14 2 7 10 13 3 9 12 
1 6 5 8 11 0 4 15 14 2 7 10 13 3 9 12 
1 6 5 8 11 2 4 15 14 0 7 10 13 3 9 12 
1 6 5 8 11 2 4 15 14 7 0 10 13 3 9 12 
1 6 5 8 11 2 0 15 14 7 4 10 13 3 9 12 
1 6 0 8 11 2 5 15 14 7 4 10 13 3 9 12 
1 0 6 8 11 2 5 15 14 7 4 10 13 3 9 12 
1 2 6 8 11 0 5 15 14 7 4 10 13 3 9 12 
1 2 6 8 11 7 5 15 14 0 4 10 13 3 9 12 
1 2 6 8 11 7 5 15 14 3 4 10 13 0 9 12 
1 2 6 8 11 7 5 15 14 3 4 10 13 9 0 12 
1 2 6 8 11 7 5 15 14 3 0 10 13 9 4 12 
1 2 6 8 11 7 5 15 14 0 3 10 13 9 4 12 
1 2 6 8 11 0 5 15 14 7 3 10 13 9 4 12 
1 2 6 8 11 5 0 15 14 7 3 10 13 9 4 12 
1 2 6 8 11 5 3 15 14 7 0 10 13 9 4 12 
1 2 6 8 11 5 3 15 14 7 10 0 13 9 4 12 
1 2 6 8 11 5 3 0 14 7 10 15 13 9 4 12 
1 2 6 0 11 5 3 8 14 7 10 15 13 9 4 12 
1 2 0 6 11 5 3 8 14 7 10 15 13 9 4 12 
1 2 3 6 11 5 0 8 14 7 10 15 13 9 4 12 
1 2 3 6 11 5 10 8 14 7 0 15 13 9 4 12 
1 2 3 6 11 5 10 8 14 7 4 15 13 9 0 12 
1 2 3 6 11 5 10 8 14 7 4 15 13 9 12 0 
1 2 3 6 11 5 10 8 14 7 4 0 13 9 12 15 
1 2 3 6 11 5 10 0 14 7 4 8 13 9 12 15 
1 2 3 0 11 5 10 6 14 7 4 8 13 9 12 15 
1 2 0 3 11 5 10 6 14 7 4 8 13 9 12 15 
1 2 10 3 11 5 0 6 14 7 4 8 13 9 12 15 
1 2 10 3 11 5 4 6 14 7 0 8 13 9 12 15 
1 2 10 3 11 5 4 6 14 7 8 0 13 9 12 15 
1 2 10 3 11 5 4 0 14 7 8 6 13 9 12 15 
1 2 10 3 11 5 0 4 14 7 8 6 13 9 12 15 
1 2 0 3 11 5 10 4 14 7 8 6 13 9 12 15 
1 2 3 0 11 5 10 4 14 7 8 6 13 9 12 15 
1 2 3 4 11 5 10 0 14 7 8 6 13 9 12 15 
1 2 3 4 11 5 10 6 14 7 8 0 13 9 12 15 
1 2 3 4 11 5 10 6 14 7 0 8 13 9 12 15 
1 2 3 4 11 5 10 6 14 0 7 8 13 9 12 15 
1 2 3 4 11 5 10 6 0 14 7 8 13 9 12 15 
1 2 3 4 0 5 10 6 11 14 7 8 13 9 12 15 
1 2 3 4 5 0 10 6 11 14 7 8 13 9 12 15 
1 2 3 4 5 14 10 6 11 0 7 8 13 9 12 15 
1 2 3 4 5 14 10 6 11 9 7 8 13 0 12 15 
1 2 3 4 5 14 10 6 11 9 7 8 0 13 12 15 
1 2 3 4 5 14 10 6 0 9 7 8 11 13 12 15 
1 2 3 4 5 14 10 6 9 0 7 8 11 13 12 15 
1 2 3 4 5 0 10 6 9 14 7 8 11 13 12 15 
1 2 3 4 0 5 10 6 9 14 7 8 11 13 12 15 
1 2 3 4 9 5 10 6 0 14 7 8 11 13 12 15 
1 2 3 4 9 5 10 6 11 14 7 8 0 13 12 15 
1 2 3 4 9 5 10 6 11 14 7 8 13 0 12 15 
1 2 3 4 9 5 10 6 11 0 7 8 13 14 12 15 
1 2 3 4 9 5 10 6 0 11 7 8 13 14 12 15 
1 2 3 4 0 5 10 6 9 11 7 8 13 14 12 15 
1 2 3 4 5 0 10 6 9 11 7 8 13 14 12 15 
1 2 3 4 5 10 0 6 9 11 7 8 13 14 12 15 
1 2 3 4 5 10 6 0 9 11 7 8 13 14 12 15 
1 2 3 4 5 10 6 8 9 11 7 0 13 14 12 15 
1 2 3 4 5 10 6 8 9 11 0 7 13 14 12 15 
1 2 3 4 5 10 6 8 9 0 11 7 13 14 12 15 
1 2 3 4 5 0 6 8 9 10 11 7 13 14 12 15 
1 2 3 4 5 6 0 8 9 10 11 7 13 14 12 15 
1 2 3 4 5 6 11 8 9 10 0 7 13 14 12 15 
1 2 3 4 5 6 11 8 9 10 7 0 13 14 12 15 
1 2 3 4 5 6 11 0 9 10 7 8 13 14 12 15 
1 2 3 4 5 6 0 11 9 10 7 8 13 14 12 15 
1 2 3 4 5 6 7 11 9 10 0 8 13 14 12 15 
1 2 3 4 5 6 7 11 9 0 10 8 13 14 12 15 
1 2 3 4 5 6 7 11 9 14 10 8 13 0 12 15 
1 2 3 4 5 6 7 11 9 14 10 8 13 12 0 15 
1 2 3 4 5 6 7 11 9 14 0 8 13 12 10 15 
1 2 3 4 5 6 7 11 9 0 14 8 13 12 10 15 
1 2 3 4 5 6 7 11 9 12 14 8 13 0 10 15 
1 2 3 4 5 6 7 11 9 12 14 8 13 10 0 15 
1 2 3 4 5 6 7 11 9 12 0 8 13 10 14 15 
1 2 3 4 5 6 7 11 9 0 12 8 13 10 14 15 
1 2 3 4 5 0 7 11 9 6 12 8 13 10 14 15 
1 2 3 4 5 7 0 11 9 6 12 8 13 10 14 15 
1 2 3 4 5 7 11 0 9 6 12 8 13 10 14 15 
1 2 3 4 5 7 11 8 9 6 12 0 13 10 14 15 
1 2 3 4 5 7 11 8 9 6 0 12 13 10 14 15 
1 2 3 4 5 7 0 8 9 6 11 12 13 10 14 15 
1 2 3 4 5 0 7 8 9 6 11 12 13 10 14 15 
1 2 3 4 5 6 7 8 9 0 11 12 13 10 14 15 
1 2 3 4 5 6 7 8 9 10 11 12 13 0 14 15 
1 2 3 4 5 6 7 8 9 10 11 12 13 14 0 15 
1 2 3 4 5 6 7 8 9 10 11 12 13 14 15 0 
